0 0
0 3
0 0
0 5
0 7
0 9
0 5
0 3
0 3
1 0
2 5
0 3
1 0
2 5
0 3
1 0
2 5
0 3
0 0
0 3
0 0
0 5
0 7
0 9
0 5
0 11
0 10
0 7
0 3
0 5
0 2
0 12
0 15
0 6
0 8
0 15
1 12
2 9
3 0
4 4
5 22
6 15
7 20
8 11
9 12
10 3
11 0
12 29
13 19
14 33
15 9
16 31
17 32
18 18
19 20
20 35
21 3
22 11
23 12
24 7
25 14
26 21
27 30
28 5
29 17
30 23
31 24
32 34
33 8
34 1
35 2
36 15
37 18
38 2
39 31
40 2
41 0
42 8
43 5
44 22
45 7
46 22
47 28
48 16
49 26
50 27
0 3
1 0
2 5
3 7
4 9
5 5
6 11
7 10
8 7
9 3
10 5
11 2
12 12
13 15
14 6
15 8
16 15
17 12
18 9
19 0
20 4
21 22
22 15
23 20
24 11
25 12
26 3
27 0
28 29
29 19
30 33
31 9
32 31
33 32
34 18
35 20
36 35
37 3
38 11
39 12
40 7
41 14
42 21
43 30
44 5
45 17
46 23
47 24
48 34
49 8
0 3
1 0
2 5
3 7
4 9
5 5
6 11
7 10
8 7
9 3
0 5
1 2
2 12
3 15
4 6
5 8
6 15
7 12
8 9
9 0
0 4
1 22
2 15
3 20
4 11
5 12
6 3
7 0
8 29
9 19
0 33
0 11
1 20
2 16
3 0
4 22
0 3
0 0
0 5
0 7
0 9
0 5
0 11
0 10
0 7
0 3
0 5
0 2
0 12
0 15
0 6
0 8
0 15
0 12
0 3
0 3
0 3
0 3
