0 3929840
0 8894
0 19050
0 12481
0 9634
0 13029
0 14836
0 15581
0 16875
1 5287
2 5312
0 16977
1 5247
2 5263
0 8804
1 5880
0 13260
0 14547
0 9860
0 11513
0 13595
0 6927
0 7906
0 5615
0 3932
0 6244
0 11109
0 8880
0 5581
0 25428
0 13713
0 15920
0 19481
0 18294
0 25441
1 13975
2 15415
3 13908
4 20453
5 50819
6 101084
7 102647
8 111400
9 112151
10 118521
11 124018
12 127885
13 136644
14 138893
15 146904
16 157628
17 162389
18 165466
19 172905
20 176897
21 181134
22 199296
23 195852
24 206180
25 212702
26 217839
27 327713
28 561107
29 586028
30 606343
31 626458
32 644595
33 732222
34 969433
35 1186285
36 1452332
37 1523304
38 1738291
39 2523318
40 3317525
41 3961995
42 4290308
43 4767615
44 5199970
45 6116583
46 6625645
47 7549860
48 7873662
49 8347668
50 9250787
0 17158
1 5432
2 5184
3 4339
4 4341
5 4089
6 3746
7 3594
8 3549
9 3545
10 3488
11 13651
12 4178
13 4153
14 16797
15 15886
16 13566
17 13995
18 16083
19 13846
20 21122
21 51106
22 101331
23 103933
24 108664
25 112657
26 119746
27 125146
28 129077
29 138146
30 140207
31 147946
32 154242
33 160277
34 166085
35 175686
36 176731
37 181787
38 195493
39 196337
40 207160
41 212130
42 217147
43 326991
44 563620
45 583877
46 613723
47 633459
48 654561
0 11750
1 5282
2 5185
3 4753
4 4222
5 3953
6 3708
7 3552
8 3508
9 3509
0 13214
1 13852
2 4329
3 4182
4 13293
5 25934
6 13412
7 18589
8 16145
9 13780
0 27044
1 51391
2 100454
3 108057
4 108554
5 112020
6 119909
7 125015
8 128833
9 137745
0 144025
0 67430
1 57934
2 61625
3 65846
4 71914
0 7703
0 7827
0 6236
0 7931
0 8672
0 12665
0 12906
0 10393
0 5005
0 13612
0 5219
0 14830
0 16003
0 15304
0 23337
0 24467
0 24298
0 25006
0 8759
0 18762
0 21669
0 8787
