0 17781
1 19481
2 19162
3 18876
4 20709
5 20971
6 20893
7 21343
8 21195
9 20375
10 20823
11 21052
12 18987
13 47058
14 51817
15 83548
16 186942
17 190909
18 195263
19 202552
20 252689
21 441640
22 647312
23 915129
24 1184040
25 1491315
26 1824753
27 2178015
28 2576817
29 2982340
30 3411433
31 3900321
32 4395759
33 5404531
34 5989451
35 6686327
36 7440969
37 8625242
38 8811956
39 9761941
40 10488436
41 11467025
42 12153161
43 14006429
44 14960905
45 15518533
46 15964986
47 16527510
48 19709480
49 23235915
50 20935188
51 22135780
52 23489875
53 24378186
54 25853437
55 27679543
56 29547256
57 30802379
58 32528393
59 34521692
60 36032066
61 36916764
62 38915234
63 39588669
64 43708686
65 46647807
66 46275802
67 50217107
68 52627303
69 52433811
