
-----------iteration Raffinement:1 ---------------

	 raffinament with queue 
[5] -0.139449
[12] -0.135651
[8] -0.132869
[11] -0.0943056
[10] -0.0915213
[7] -0.0772791
[13] -0.0739524
[3] -0.0596144
[0] -0.00659012
[6] -0.00382927
[4] -0.00134597
[1] -0.000136343
[2] -0.000106101
[9] 6.28227e-05
The worst Polychord error: 5

1513868 microsec.



-----------iteration Raffinement:70 ---------------

	 raffinament with queue 
[40] -0.000355822
[57] -0.000348424
[36] -0.000319111
[39] -0.000304074
[63] -0.000245185
[30] -0.000245171
[41] -0.000222368
[34] -0.000218784
[11] -0.000214207
[32] -0.000199218
[43] -0.000186616
[67] -0.000175809
[7] -0.000164647
[24] -0.000162597
[26] -0.000156862
[20] -0.000147235
[10] -0.000143611
[3] -0.000133744
[45] -0.000130657
[0] -0.000123819
[25] -0.000122052
[27] -0.000122019
[38] -0.000116109
[6] -0.00011545
[47] -0.00011473
[46] -0.000114496
[31] -0.000110643
[12] -0.000109194
[52] -0.000108955
[80] -0.000108336
[81] -0.000108185
[49] -0.000106611
[56] -0.000103794
[54] -0.000101911
[23] -9.95878e-05
[58] -9.91824e-05
[5] -9.7802e-05
[18] -9.77668e-05
[59] -9.65643e-05
[79] -9.55062e-05
[19] -9.33923e-05
[13] -9.29115e-05
[28] -8.75228e-05
[72] -8.64301e-05
[53] -8.3172e-05
[65] -8.27051e-05
[22] -8.08542e-05
[69] -8.00322e-05
[35] -7.69226e-05
[17] -7.3477e-05
[9] -7.20647e-05
[42] -6.44322e-05
[44] -6.43652e-05
[50] -6.10351e-05
[74] -5.93236e-05
[51] -5.68179e-05
[33] -5.64011e-05
[14] -5.21229e-05
[15] -4.4736e-05
[29] -4.33897e-05
[16] -4.19485e-05
[62] -4.18499e-05
[48] -3.45371e-05
[37] -3.30224e-05
[66] -2.92714e-05
[75] -2.79242e-05
[78] -2.79049e-05
[60] -2.19329e-05
[68] -1.67342e-05
[21] -1.22641e-05
[76] -1.08278e-05
[8] -9.56988e-06
[55] -7.69168e-06
[77] -5.08441e-06
[71] -4.85604e-06
[70] -2.1527e-06
[61] -2.05226e-07
[64] 5.31715e-06
[82] 1.21059e-05
[73] 1.90207e-05
[4] 5.75138e-05
[2] 9.2504e-05
[1] 0.000104002
The worst Polychord error: 40

59024482 microsec.

