0 23782
1 23318
2 24385
3 24944
4 25786
5 27045
6 26560
7 25570
8 28703
9 28357
10 27456
11 27348
12 26461
13 27377
14 27627
15 27773
16 27876
17 29473
18 27986
19 29751
20 31360
21 33940
22 33142
23 34877
24 34939
25 32510
26 33193
27 34729
28 33633
29 37144
30 36163
31 36742
32 35852
33 37312
34 37588
35 38849
36 38608
37 39620
38 41294
39 42673
40 42969
41 45420
42 47967
43 51344
44 52821
45 53756
46 55193
47 57313
48 57114
49 60397
50 62543
51 63893
52 62771
53 62823
54 64254
55 64804
56 112160
57 91606
58 92806
59 93955
60 103821
61 120229
62 118827
63 120862
64 120580
65 122368
66 123918
67 124844
68 137669
69 130370
