0 1539535
1 1701660
2 1835255
3 2004660
4 2236401
5 2328704
6 2455760
7 2664185
8 2973717
9 3138823
10 3243380
11 3378872
12 3541112
13 3785057
14 3991244
15 4286983
16 4747578
17 5102374
18 5343891
19 5469282
20 5888998
21 6070707
22 6477963
23 6872873
24 6954630
25 7231248
26 7481736
27 7676090
28 8294050
29 8706250
30 9411266
31 9490087
32 10050055
33 10567946
34 11144479
35 12017990
36 13247248
37 14230775
38 15122604
39 15530097
40 15912778
41 16869483
42 17868243
43 18700865
44 20056282
45 20786092
46 21348121
47 22324840
48 22851919
49 23684089
50 24531286
51 25603204
52 26907930
53 27916183
54 28838486
55 29746838
56 30460842
57 31427972
58 32092635
59 33461260
60 34821585
61 36732665
62 37926334
63 38610852
64 39591500
65 40763657
66 42352669
67 53371996
68 56305220
69 59024482
