1 20118
2 18912
3 17289
4 19457
5 20133
6 19368
7 20480
8 20289
9 19945
10 19734
11 20526
12 21545
13 18250
14 46938
15 50709
16 84297
17 191666
18 195968
19 198761
20 203964
21 253940
22 448154
23 655636
24 938295
25 1197238
26 1490760
27 1822866
28 2208220
29 2698003
30 3254466
31 3813172
32 4137407
33 4721095
34 6508707
35 6116726
36 7424005
37 8029846
38 8835393
39 9080602
40 9401681
41 12320720
42 14361951
43 13657607
44 13945752
45 13937251
46 14882700
47 15898676
48 20104375
49 17161894
50 19149611
51 19166578
52 21673707
53 23933675
54 26380003
55 26915190
56 28154954
57 30489632
58 33202415
59 34383102
60 32774035
61 34737267
62 35608346
63 37075876
64 39251911
65 41595015
66 46085033
67 45677070
68 49500386
69 50436301
70 51982942
71 52672898
72 54789096
73 59040354
74 59984963
75 63258181
76 65039550
77 66133032
78 69218267
79 70831867
80 77086683
81 79713445
