0 25538
0 7340
0 9186
0 7889
0 8437
0 13886
0 9381
0 8195
0 6544
0 14160
0 4614
0 6880
0 3666
0 13074
0 4482
0 7645
0 5721
0 8364
0 15059
0 10619
0 13070
0 12456
0 10024
0 6061
0 5933
0 4441
0 8407
0 10980
0 7187
1 6918
2 4025
3 3547
4 6041
5 3047
6 4290
7 5326
8 5363
9 4768
10 3800
11 5506
12 5158
13 3253
14 8050
15 9579
16 5346
17 6221
18 4708
19 3464
20 4734
21 6250
22 3522
23 6221
24 5127
25 3761
26 4502
27 3715
28 47041
29 39777
30 10686
31 9299
32 14494
33 33233
34 6154
35 4415
36 4453
37 19967
38 4496
39 5611
40 4580
41 10589
