0 426288
1 436185
2 460709
3 502806
4 532724
5 566178
6 596469
7 621551
8 676451
9 696304
10 723422
11 764495
12 796592
13 845675
14 876258
15 919274
16 960742
17 1012813
18 1057080
19 1103678
20 1145838
21 1196190
22 1248205
23 1319611
24 1357841
25 1413094
26 1471951
27 1549108
28 1662814
29 1718498
30 1782488
31 1930607
32 2007400
33 2099367
34 2149188
35 2238553
36 2321739
37 2414810
38 2466897
39 2545935
40 2632745
41 2726110
42 2763807
43 2837061
44 2919993
45 2974160
46 3018229
47 3144622
48 3257165
49 3294271
50 3126208
51 2961070
52 2922942
53 2983988
54 3046627
55 3118359
56 3196194
57 3267693
58 3335016
59 3419187
60 3509958
61 3590850
62 3670139
63 3779236
64 3857496
65 3919098
66 3990914
67 4222637
68 4306061
69 4478690
70 4574337
71 4673597
72 4804170
73 4879175
74 4989623
75 5061435
76 5238705
0 492377
0 1028602
0 1068313
0 1129501
0 1185607
