0 501171
1 528912
2 569788
3 635396
4 674482
5 713711
6 758333
7 803398
8 859934
9 909938
10 959796
11 1004195
12 1097027
13 1150036
14 1196018
15 1274956
16 1332535
17 1418483
18 1484308
19 1675338
20 1629531
21 1682736
22 1783923
23 1932959
24 1972471
25 2050106
26 2181718
27 2284714
28 2451455
29 2537177
30 2571438
31 2752034
32 3033022
33 3126522
34 3211153
35 3301507
36 3397602
37 3563544
38 3730898
39 3820384
40 3963397
41 3989051
42 3955558
43 3973480
44 4059158
45 4408664
46 4641003
47 4694268
48 4717696
49 4692682
50 4484443
51 4261777
52 4094796
53 4113362
54 4232844
55 4353451
56 4422082
57 4504463
58 4681046
59 4765809
60 4864984
61 4948502
62 5107181
63 5206927
64 5326822
65 5477066
66 5454064
67 5643668
68 5942985
69 6083367
